0 539119
1 916135
2 492924
3 327757
4 249360
5 201622
6 164040
7 139451
8 120790
9 106832
10 94866
11 86230
12 78129
13 71159
14 65385
15 59911
16 55424
17 52163
18 48306
19 45144
20 42273
21 39064
22 36685
23 34297
24 32560
25 30686
26 28715
27 27350
28 26145
29 24406
30 23073
31 22075
32 20867
33 19686
34 18816
35 17801
36 17104
37 16378
38 15529
39 14822
40 14148
41 13605
42 12866
43 11942
44 11568
45 11296
46 10731
47 10383
48 10013
49 9424
50 9300
51 8805
52 8560
53 8114
54 7822
55 7510
56 6961
57 6866
58 6701
59 6467
60 6184
61 5805
62 5652
63 5547
64 5416
65 5060
66 4902
67 4909
68 4588
69 4390
70 4239
71 4096
72 3936
73 3879
74 3708
75 3588
76 3645
77 3469
78 3249
79 3171
80 3078
81 3031
82 2930
83 2916
84 2634
85 2686
86 2511
87 2500
88 2397
89 2432
90 2333
91 2346
92 2115
93 2099
94 2034
95 1927
96 1880
97 1920
98 1809
99 1742
100 1785
101 1699
102 1627
103 1575
104 1504
105 1477
106 1407
107 1434
108 1339
109 1352
110 1306
111 1324
112 1294
113 1217
114 1316
115 1107
116 1191
117 1130
118 1143
119 991
120 1035
121 1028
122 963
123 952
124 955
125 937
126 911
127 924
128 874
129 866
130 846
131 830
132 749
133 771
134 810
135 756
136 748
137 710
138 746
139 678
140 678
141 655
142 622
143 625
144 630
145 608
146 617
147 641
148 551
149 543
150 554
151 541
152 512
153 545
154 549
155 526
156 454
157 502
158 454
159 502
160 518
161 494
162 482
163 480
164 456
165 427
166 419
167 385
168 402
169 401
170 394
171 409
172 400
173 375
174 407
175 393
176 357
177 327
178 351
179 343
180 356
181 333
182 342
183 320
184 326
185 307
186 340
187 285
188 321
189 307
190 310
191 307
192 278
193 312
194 301
195 262
196 258
197 267
198 281
199 260
200 271
201 257
202 246
203 235
204 241
205 245
206 284
207 264
208 236
209 249
210 233
211 246
212 218
213 223
214 203
215 214
216 236
217 217
218 260
219 189
220 191
221 166
222 176
223 186
224 186
225 198
226 171
227 173
228 164
229 177
230 176
231 180
232 162
233 180
234 164
235 165
236 156
237 161
238 140
239 137
240 162
241 153
242 173
243 143
244 165
245 138
246 135
247 139
248 129
249 128
250 134
251 111
252 133
253 128
254 127
255 104
256 107
257 101
258 119
259 94
260 117
261 106
262 103
263 106
264 92
265 115
266 115
267 85
268 93
269 74
270 166
271 97
272 90
273 95
274 87
275 72
276 78
277 102
278 96
279 94
280 82
281 251
282 97
283 90
284 80
285 94
286 93
287 103
288 113
289 95
290 82
291 94
292 78
293 83
294 88
295 115
296 133
297 76
298 82
299 84
300 65
301 56
302 78
303 73
304 77
305 79
306 80
307 95
308 136
309 95
310 83
311 68
312 91
313 72
314 78
315 63
316 48
317 69
318 52
319 66
320 59
321 71
322 50
323 52
324 56
325 59
326 54
327 47
328 59
329 58
330 49
331 62
332 69
333 52
334 61
335 53
336 41
337 44
338 43
339 64
340 43
341 56
342 62
343 49
344 39
345 40
346 50
347 56
348 52
349 56
350 39
351 45
352 46
353 57
354 50
355 55
356 53
357 41
358 36
359 48
360 36
361 47
362 38
363 27
364 39
365 48
366 38
367 44
368 40
369 55
370 47
371 52
372 36
373 37
374 39
375 39
376 37
377 33
378 35
379 37
380 36
381 32
382 36
383 29
384 29
385 26
386 39
387 25
388 46
389 34
390 22
391 32
392 37
393 26
394 41
395 43
396 21
397 46
398 33
399 38
400 30
401 27
402 18
403 29
404 31
405 27
406 21
407 30
408 16
409 22
410 33
411 22
412 27
413 14
414 27
415 24
416 27
417 26
418 27
419 27
420 20
421 40
422 25
423 33
424 28
425 20
426 21
427 26
428 23
429 22
430 16
431 24
432 22
433 22
434 19
435 21
436 23
437 18
438 23
439 20
440 29
441 30
442 12
443 16
444 21
445 24
446 19
447 18
448 14
449 24
450 22
451 22
452 24
453 27
454 25
455 22
456 33
457 17
458 23
459 23
460 27
461 19
462 29
463 26
464 26
465 26
466 15
467 23
468 19
469 16
470 23
471 21
472 29
473 21
474 23
475 17
476 27
477 9
478 24
479 22
480 21
481 10
482 26
483 16
484 22
485 16
486 10
487 10
488 18
489 23
490 14
491 19
492 17
493 23
494 17
495 18
496 14
497 7
498 16
499 12
500 14
501 13
502 15
503 13
504 12
505 8
506 13
507 14
508 13
509 9
510 13
511 13
512 10
513 11
514 10
515 15
516 8
517 17
518 14
519 12
520 11
521 8
522 13
523 8
524 12
525 11
526 17
527 14
528 8
529 19
530 19
531 17
532 19
533 18
534 9
535 13
536 13
537 10
538 5
539 10
540 16
541 10
542 10
543 13
544 9
545 5
546 10
547 16
548 9
549 6
550 14
551 9
552 14
553 5
554 8
555 15
556 10
557 8
558 16
559 10
560 7
561 12
562 6
563 9
564 11
565 13
566 8
567 5
568 9
569 13
570 8
571 12
572 4
573 10
574 15
575 10
576 11
577 13
578 10
579 7
580 3
581 8
582 9
583 11
584 9
585 7
586 12
587 13
588 7
589 5
590 10
591 8
592 14
593 4
594 8
595 13
596 4
597 5
598 8
599 5
600 8
601 8
602 7
603 9
604 14
605 5
606 8
607 5
608 9
609 11
610 8
611 11
612 6
613 7
614 12
615 8
616 10
617 7
618 8
619 14
620 12
621 3
622 8
623 6
624 5
625 13
626 2
627 14
628 8
629 9
630 11
631 12
632 13
633 6
634 5
635 9
636 8
637 4
638 11
639 8
640 12
641 8
642 12
643 5
644 12
645 10
646 18
647 10
648 10
649 9
650 7
651 12
652 6
653 18
654 6
655 14
656 6
657 9
658 12
659 5
660 12
661 13
662 12
663 13
664 7
665 7
666 12
667 12
668 13
669 11
670 11
671 11
672 5
673 9
674 13
675 10
676 12
677 9
678 9
679 11
680 9
681 9
682 6
683 6
684 8
685 16
686 12
687 16
688 9
689 7
690 13
691 9
692 13
693 13
694 5
695 9
696 13
697 10
698 8
699 19
700 8
701 5
702 10
703 10
704 14
705 12
706 5
707 10
708 12
709 10
710 11
711 10
712 11
713 5
714 9
715 14
716 12
717 11
718 12
719 11
720 4
721 12
722 6
723 15
724 6
725 9
726 8
727 18
728 13
729 4
730 12
731 4
732 4
733 2
734 7
735 8
736 7
737 8
738 6
739 7
740 10
741 9
742 13
743 10
744 7
745 6
746 2
747 6
748 2
749 3
750 5
751 2
752 1
753 2
754 3
755 2
756 1
757 1
759 1
761 2
763 2
764 1
765 1
767 1
768 2
769 1
770 1
772 2
773 1
774 1
775 1
776 1
777 1
778 2
779 1
780 2
781 1
782 1
783 1
784 1
785 1
790 1
791 1
793 1
794 1
798 1
799 3
800 2
801 2
803 1
804 2
806 1
807 1
808 1
810 1
812 1
813 1
814 1
816 2
820 2
821 1
824 2
825 1
826 1
827 1
829 1
830 1
833 1
838 1
844 1
847 1
853 1
855 1
857 2
864 1
871 1
872 1
873 3
874 1
875 1
878 1
879 1
880 2
883 1
884 1
885 1
889 2
890 1
893 2
897 1
899 1
900 1
903 1
904 1
906 1
910 1
919 1
924 1
926 2
929 1
941 1
943 1
953 1
956 1
958 2
959 1
960 1
962 1
963 1
966 1
968 1
969 1
971 1
974 1
975 1
976 3
980 1
982 1
984 2
985 1
986 1
987 1
988 2
989 1
993 2
994 3
995 1
996 3
998 2
999 2
1005 2
1007 1
1012 1
1030 2
1050 1
1052 1
1067 1
1075 2
1086 1
1098 1
1104 1
1116 1
1126 1
1134 1
1143 1
1146 1
1173 1
1205 1
1215 1
1225 1
1228 1
1230 1
1242 1
1253 1
1266 1
1288 1
1344 1
1358 1
1369 1
1371 1
1411 1
1467 1
1498 1
1517 1
1556 1
1557 1
1569 1
1577 1
1588 1
1796 1
1827 1
1851 1
1858 1
1976 1
1997 1
2321 1
2376 1
2497 1
2584 1
2829 1
2894 1
3265 1
4572 1
4758 1
4879 1
5597 1
8180 1
8428 1
13050 1
15163 1
20293 1
